year temp	anomaly co2	emissions
1850	-0.17	196847600
1851	-0.03	198778540
1852	-0.2	207595090
1853	-0.21	217236980
1854	-0.15	255038560
1855	-0.04	260259860
1856	0.01	278245630
1857	-0.31	281181060
1858	-0.19	285548400
1859	-0.03	302572160
1860	-0.16	332298460
1861	-0.49	349190180
1862	-0.46	355991100
1863	-0.23	379534880
1864	-0.24	409525400
1865	-0.21	434851330
1866	0.02	449067000
1867	-0.3	480813900
1868	-0.25	494493540
1869	0.11	524731070
1870	-0.29	536123300
1871	-0.33	569776640
1872	-0.28	630961500
1873	-0.23	670467200
1874	-0.21	628662200
1875	-0.22	681048000
1876	-0.42	690582500
1877	-0.07	704032830
1878	0.21	709649540
1879	-0.14	759794370
1880	-0.39	858055700
1881	-0.13	887965000
1882	-0.09	937888260
1883	-0.33	997514560
1884	-0.14	1009429800
1885	-0.27	1017144500
1886	-0.36	1032613600
1887	-0.44	1083727500
1888	-0.28	1200801700
1889	0.23	1201516300
1890	-0.35	1306591200
1891	-0.52	1368915700
1892	-0.09	1379808900
1893	-0.47	1362515100
1894	-0.45	1411532900
1895	-0.34	1495238900
1896	-0.15	1544660900
1897	-0.19	1617492700
1898	-0.3	1705961000
1899	-0.34	1863135400
1900	0.03	1961490700
1901	-0.1	2023963900
1902	-0.06	2074800300
1903	-0.21	2262046200
1904	-0.52	2287509200
1905	-0.49	2437062000
1906	-0.21	2544486000
1907	-0.48	2900324600
1908	-0.26	2785686800
1909	-0.42	2901167400
1910	-0.4	3043326000
1911	-0.58	3090098200
1912	-0.2	3246477000
1913	-0.37	3516533000
1914	-0.12	3189786400
1915	-0.03	3140276700
1916	-0.15	3391973000
1917	-0.63	3548138500
1918	-0.43	3499686400
1919	-0.24	3033839400
1920	-0.2	3537837000
1921	-0.26	3106184200
1922	-0.41	3254462700
1923	-0.32	3690697700
1924	-0.17	3702777000
1925	-0.36	3740633600
1926	0.05	3677407500
1927	-0.15	4012947200
1928	-0.11	3996311800
1929	-0.43	4288211500
1930	-0.23	3958096000
1931	-0.17	3539320300
1932	-0.19	3192591600
1933	-0.28	3362683400
1934	-0.08	3656187100
1935	0.13	3835742500
1936	-0.27	4207930600
1937	0.01	4496715300
1938	0.05	4229619200
1939	-0.05	4470135000
1940	0.12	4884664000
1941	0.32	4999092700
1942	0.02	4982524000
1943	0.08	5075273000
1944	0.29	5162486300
1945	0.08	4289312500
1946	0.03	4608547000
1947	0	5165205500
1948	-0.09	5447885000
1949	-0.1	5204035000
1950	-0.21	5930243600
1951	-0.38	6381428700
1952	0.12	6467460600
1953	0.17	6650885000
1954	-0.06	6789529000
1955	-0.19	7443896000
1956	-0.17	7926013000
1957	-0.08	8185645000
1958	0.19	8417187300
1959	0.1	8854690000
1960	0.15	9387011000
1961	0.17	9415042000
1962	0.16	9747287000
1963	0.2	10266772000
1964	-0.1	10824465000
1965	-0.16	11310600000
1966	-0.03	11862647000
1967	-0.18	12237369000
1968	-0.14	12905284000
1969	-0.07	13761785000
1970	0.21	14899124000
1971	-0.15	15503855000
1972	-0.13	16224597000
1973	0.34	17085094000
1974	-0.25	17011072000
1975	0.1	17052752000
1976	-0.07	17989112000
1977	0.2	18498636000
1978	0.16	19069290000
1979	-0.04	19609020000
1980	0.46	19488524000
1981	0.42	19022903000
1982	0.21	18871097000
1983	0.46	18991910000
1984	0.2	19647801000
1985	0.04	20311902000
1986	0.39	20614963000
1987	0.39	21250075000
1988	0.46	22085130000
1989	0.32	22386637000
1990	0.4	22728989000
1991	0.5	23186102000
1992	0.43	22528172000
1993	0.4	22755787000
1994	0.06	22992947000
1995	0.76	23532083000
1996	0.49	24258169000
1997	0.37	24401906000
1998	0.81	24303778000
1999	0.65	24853730000
2000	0.54	25510554000
2001	0.43	25706293000
2002	0.68	26276870000
2003	0.62	27669490000
2004	0.7	28632506000
2005	0.63	29614395000
2006	0.76	30628397000
2007	0.7	31534645000
2008	0.33	32074200000
2009	0.54	31541922000
2010	0.83	33355903000
2011	0.51	34504540000
2012	0.52	35000020000
2013	0.6	35301655000
2014	0.58	35450094000
2015	0.88	35404900000
2016	1.34	35416658000
2017	1.1	35989897000
2018	0.89	36730425000
2019	0.91	37104275000
2020	1.21	35126526000
2021	0.65	36991734000
2022	0.9	37293834000
2023	1.02	37791570000
